   823.29253822116766        0.0000000000000000        4734.7852445874214        3.6149851852239291E-004   30.298706890098632        0.0000000000000000        6.0778183168718630E-004   5.4398103455002556        0.0000000000000000        2.0844817703749010E-003  0.79335641370057108        0.0000000000000000        1.7719344920666177E-003   0.0000000000000000        0.0000000000000000        0.0000000000000000     
   0.0000000000000000        0.0000000000000000        1.2012986599421439E-003   6.0668022483116876E-006   0.0000000000000000        0.0000000000000000        1.4834708113287538E-006   0.0000000000000000        0.0000000000000000        6.4063550360591919E-007   0.0000000000000000        0.0000000000000000        0.0000000000000000        0.0000000000000000        0.0000000000000000        0.0000000000000000     
   4734.7852445874214        1.2012986599421439E-003   0.0000000000000000        0.0000000000000000        177.72073792146580        3.8689508862392230E-003   0.0000000000000000        4.6115858668883555E-002   1.8722817108689109E-005   0.0000000000000000        37.881640218329757        8.8496051001654114E-002   0.0000000000000000        1.1721962947752306E-004   0.0000000000000000        0.0000000000000000     
   3.6149851852239291E-004   6.0668022483116876E-006   0.0000000000000000        5.3435482268248458E-006   1.6637487631824080E-005   2.8210296929572386E-006   3.7512339207808260E-009   1.2221666286844480E-008   1.7090246149281241E-009   9.0749949001744397E-006   7.4200035223221359E-006   0.0000000000000000        2.1210549417711615E-011   0.0000000000000000        0.0000000000000000        0.0000000000000000     
   30.298706890098632        0.0000000000000000        177.72073792146580        1.6637487631824080E-005  0.10145648872048696        0.0000000000000000        1.6671508087862646E-008   1.8802787697101170E-005   0.0000000000000000        3.0021393917370791E-005   0.0000000000000000        0.0000000000000000        0.0000000000000000        0.0000000000000000        0.0000000000000000        0.0000000000000000     
   0.0000000000000000        0.0000000000000000        3.8689508862392230E-003   2.8210296929572386E-006   0.0000000000000000        0.0000000000000000        3.5670175191840246E-010   0.0000000000000000        0.0000000000000000        0.0000000000000000        0.0000000000000000        0.0000000000000000        0.0000000000000000        0.0000000000000000        0.0000000000000000        0.0000000000000000     
   6.0778183168718630E-004   1.4834708113287538E-006   0.0000000000000000        3.7512339207808260E-009   1.6671508087862646E-008   3.5670175191840246E-010   1.3279167217936305E-009   6.4431276711539683E-009   0.0000000000000000        1.3173965480448552E-011   0.0000000000000000        0.0000000000000000        0.0000000000000000        0.0000000000000000        0.0000000000000000        0.0000000000000000     
   5.4398103455002556        0.0000000000000000        4.6115858668883555E-002   1.2221666286844480E-008   1.8802787697101170E-005   0.0000000000000000        6.4431276711539683E-009   0.0000000000000000        0.0000000000000000        0.0000000000000000        0.0000000000000000        0.0000000000000000        0.0000000000000000        0.0000000000000000        0.0000000000000000        0.0000000000000000     
   0.0000000000000000        0.0000000000000000        1.8722817108689109E-005   1.7090246149281241E-009   0.0000000000000000        0.0000000000000000        0.0000000000000000        0.0000000000000000        0.0000000000000000        0.0000000000000000        0.0000000000000000        0.0000000000000000        0.0000000000000000        0.0000000000000000        0.0000000000000000        0.0000000000000000     
   2.0844817703749010E-003   6.4063550360591919E-007   0.0000000000000000        9.0749949001744397E-006   3.0021393917370791E-005   0.0000000000000000        1.3173965480448552E-011   0.0000000000000000        0.0000000000000000        0.0000000000000000        0.0000000000000000        0.0000000000000000        0.0000000000000000        0.0000000000000000        0.0000000000000000        0.0000000000000000     
  0.79335641370057108        0.0000000000000000        37.881640218329757        7.4200035223221359E-006   0.0000000000000000        0.0000000000000000        0.0000000000000000        0.0000000000000000        0.0000000000000000        0.0000000000000000        0.0000000000000000        0.0000000000000000        0.0000000000000000        0.0000000000000000        0.0000000000000000        0.0000000000000000     
   0.0000000000000000        0.0000000000000000        8.8496051001654114E-002   0.0000000000000000        0.0000000000000000        0.0000000000000000        0.0000000000000000        0.0000000000000000        0.0000000000000000        0.0000000000000000        0.0000000000000000        0.0000000000000000        0.0000000000000000        0.0000000000000000        0.0000000000000000        0.0000000000000000     
   1.7719344920666177E-003   0.0000000000000000        0.0000000000000000        2.1210549417711615E-011   0.0000000000000000        0.0000000000000000        0.0000000000000000        0.0000000000000000        0.0000000000000000        0.0000000000000000        0.0000000000000000        0.0000000000000000        0.0000000000000000        0.0000000000000000        0.0000000000000000        0.0000000000000000     
   0.0000000000000000        0.0000000000000000        1.1721962947752306E-004   0.0000000000000000        0.0000000000000000        0.0000000000000000        0.0000000000000000        0.0000000000000000        0.0000000000000000        0.0000000000000000        0.0000000000000000        0.0000000000000000        0.0000000000000000        0.0000000000000000        0.0000000000000000        0.0000000000000000     
   0.0000000000000000        0.0000000000000000        0.0000000000000000        0.0000000000000000        0.0000000000000000        0.0000000000000000        0.0000000000000000        0.0000000000000000        0.0000000000000000        0.0000000000000000        0.0000000000000000        0.0000000000000000        0.0000000000000000        0.0000000000000000        0.0000000000000000        0.0000000000000000     
   0.0000000000000000        0.0000000000000000        0.0000000000000000        0.0000000000000000        0.0000000000000000        0.0000000000000000        0.0000000000000000        0.0000000000000000        0.0000000000000000        0.0000000000000000        0.0000000000000000        0.0000000000000000        0.0000000000000000        0.0000000000000000        0.0000000000000000        0.0000000000000000     
